80 707 1048576
21 40 -43
41 20 8
65 13 -28
34 64 9
10 45 74
31 40 -82
69 32 6
55 69 28
18 50 -82
64 78 75
17 79 -54
14 30 -38
38 32 75
55 46 -46
10 77 -82
75 29 41
73 5 -50
56 43 -89
55 65 -40
7 58 89
41 39 92
57 25 6
1 49 -39
3 50 -51
63 28 37
62 39 0
35 63 -91
19 1 -16
38 29 -48
34 52 40
79 73 85
27 17 -98
44 75 95
56 60 -63
2 17 -72
47 35 -57
16 75 38
54 13 12
41 10 -77
35 75 -36
14 4 58
13 29 57
26 27 -82
47 53 23
73 15 19
19 49 23
32 48 -43
18 19 52
8 49 -47
76 17 49
26 69 33
3 64 -67
56 61 30
39 28 84
47 49 67
75 5 -94
44 20 21
5 59 34
70 65 69
43 16 75
36 6 38
76 60 55
62 61 7
75 13 80
53 62 -31
66 37 -30
79 31 -59
27 61 -81
41 21 -11
35 32 32
28 13 -61
12 73 -63
37 75 -46
30 37 22
31 19 64
26 77 -86
59 51 -17
30 68 -62
11 36 -78
64 71 -22
25 57 69
61 48 -59
52 24 37
78 1 23
53 59 -16
37 23 -63
67 20 51
67 29 -48
39 60 98
13 33 -21
19 65 -80
1 29 54
53 21 43
47 58 48
16 34 58
61 71 35
38 10 66
49 67 -12
5 54 -36
2 57 -78
14 55 50
3 72 91
18 67 -29
13 48 67
75 15 47
1 25 -78
62 48 81
15 32 -94
31 41 -24
44 36 85
3 78 -75
4 60 64
3 32 -17
54 3 4
21 28 -64
53 48 53
78 41 38
3 4 80
63 21 97
19 64 -66
61 31 -21
58 1 3
80 27 98
57 53 -36
10 68 -59
55 28 -33
52 55 -62
9 50 49
74 13 60
75 6 18
55 20 70
61 13 -75
40 47 85
10 14 -78
22 78 68
77 59 -44
58 50 78
52 34 -39
17 41 31
59 40 92
64 25 54
23 62 -80
79 80 -30
73 14 -91
60 54 12
7 37 -44
68 40 4
60 5 66
38 41 -35
10 1 -75
77 67 31
75 78 -25
18 64 -4
9 55 -48
64 49 10
13 71 -77
56 62 -15
66 44 -76
44 56 8
71 74 -47
26 66 44
69 52 -56
46 64 -80
10 79 -67
73 53 -15
18 43 -58
66 77 -20
50 32 54
56 13 -28
33 44 -51
5 69 -80
26 23 53
45 73 94
77 69 -1
26 28 -45
75 7 68
47 6 -69
59 53 -77
61 54 -87
32 61 33
30 59 -51
30 80 -43
25 17 21
55 53 -27
45 32 -18
2 56 -53
76 69 -73
70 35 56
42 60 -95
75 68 -11
65 29 -60
79 74 2
41 17 -58
12 18 -97
15 29 -1
75 56 72
59 70 51
21 75 -49
67 74 -71
4 55 -36
2 68 100
49 15 19
4 7 39
60 71 38
39 77 3
18 61 61
79 78 94
35 53 22
58 59 -7
31 69 7
5 24 -91
79 29 -17
10 72 1
2 36 -95
32 70 39
4 30 78
33 11 -51
77 72 44
70 25 -95
56 20 -66
69 80 36
24 50 -50
13 79 -26
31 27 96
62 46 -21
32 58 60
48 64 -64
4 75 -26
46 62 24
52 61 30
67 48 59
41 16 79
71 40 -79
58 18 -66
16 5 -100
71 36 24
26 13 76
70 42 -92
34 42 -80
56 57 66
49 47 -69
53 38 84
75 42 29
62 13 93
70 36 62
1 39 -100
38 4 -53
56 80 -74
40 45 -13
61 24 47
58 68 87
72 28 -78
1 53 62
6 76 -67
8 66 97
65 60 -59
34 43 -1
51 40 99
73 23 74
46 70 -94
24 53 -31
59 12 60
3 5 66
29 48 19
43 2 -73
31 65 -86
18 56 6
15 47 74
78 18 79
23 4 26
23 75 -10
61 52 -67
79 5 -49
26 58 -90
77 35 -38
3 74 -23
23 32 33
4 46 -100
18 76 17
29 59 -85
19 31 -90
56 76 -70
47 9 40
10 37 89
70 58 90
25 46 33
78 19 91
75 52 39
13 73 38
73 80 -16
45 67 37
70 38 39
41 59 15
10 46 -83
49 74 95
64 67 -90
50 46 -99
55 48 -56
64 14 52
47 33 55
42 44 100
21 42 -36
59 6 -20
19 75 -10
51 46 -30
50 47 29
13 50 -61
1 9 32
33 38 -33
8 59 42
68 70 -22
19 29 -91
41 44 -36
5 2 97
16 40 88
41 74 100
74 44 77
70 43 49
22 45 -60
19 70 -15
45 33 84
57 75 -98
67 2 -80
52 18 80
76 36 65
78 11 -4
73 50 72
39 54 57
30 31 48
70 61 33
76 29 -3
27 24 55
16 31 -65
52 76 72
59 33 -60
71 13 -19
32 43 -99
24 76 -91
57 58 -32
28 8 85
28 9 87
71 27 -33
1 31 -79
64 29 27
54 27 8
24 55 -31
76 80 -52
27 60 70
22 20 -64
16 6 97
71 38 16
17 55 0
1 63 -79
8 29 7
9 63 -94
55 8 -90
7 65 -74
79 75 -93
34 70 -41
73 40 -72
7 52 74
45 80 -38
69 58 -17
52 20 55
48 66 27
9 58 98
29 37 45
40 76 40
5 74 89
6 61 58
41 27 81
30 22 -69
74 27 -82
63 68 -91
79 1 -27
68 19 -27
73 16 51
44 73 60
59 79 -67
73 77 -69
54 55 -30
11 9 52
2 51 29
67 14 -53
28 37 35
61 35 -38
60 73 34
76 61 -81
64 16 -12
30 36 -59
61 8 -65
75 30 7
5 75 79
80 70 -9
80 34 98
58 55 95
17 74 93
56 63 10
12 60 62
71 78 -57
55 77 -40
79 3 -72
72 19 -56
78 76 41
63 48 -13
75 50 27
25 62 10
19 77 -4
68 66 -83
21 10 -12
64 12 26
40 27 -85
55 78 -56
28 3 57
71 21 20
79 71 11
30 57 -21
64 58 76
54 43 15
60 33 -71
49 2 91
43 41 -77
42 22 91
20 42 -49
1 40 41
67 59 45
54 44 -90
34 23 65
65 63 -52
47 40 -16
16 12 -4
59 50 -22
21 62 9
9 34 -66
44 37 2
66 75 -58
7 8 37
35 43 -81
51 33 29
66 67 -41
50 27 58
49 42 81
8 47 -9
43 17 68
36 62 -3
68 20 49
11 33 8
51 9 -29
15 70 -11
55 75 91
13 28 -86
21 24 -16
15 67 23
30 10 94
13 67 -2
48 73 85
18 3 12
7 29 -51
80 31 47
45 19 91
60 9 81
50 51 88
64 34 -57
55 23 -46
66 80 -9
30 12 53
6 13 47
51 30 -1
60 77 48
59 68 -70
16 48 19
25 1 -45
19 45 60
10 11 9
14 77 -43
19 22 -43
26 29 -42
67 57 22
41 36 -18
28 54 60
63 7 -4
16 29 -27
28 65 44
61 26 85
15 5 16
4 78 41
50 6 -7
19 38 -91
16 27 -18
8 35 -28
23 68 -46
57 54 -44
43 32 55
10 71 7
63 72 3
57 3 -26
73 4 -14
75 19 7
62 74 2
69 25 -84
7 61 -61
59 72 19
32 49 91
57 76 -8
7 54 -71
22 24 27
24 66 -2
54 58 51
79 28 86
60 23 22
43 51 -13
34 66 -1
36 5 -91
73 66 -31
35 16 9
18 72 -16
73 32 81
53 66 -77
71 33 -19
29 44 94
53 14 -74
36 14 -97
9 26 35
45 59 10
38 30 -68
48 68 60
42 10 -54
57 62 96
47 61 57
53 77 66
42 39 -33
64 79 -22
3 55 60
58 72 -77
60 19 -3
8 20 87
70 22 -37
26 70 -13
34 14 94
36 59 -62
67 28 -74
76 26 24
37 65 11
63 23 87
66 59 -21
11 70 65
75 61 -52
21 27 -61
4 20 44
65 57 73
49 48 19
5 79 -56
62 73 -32
2 31 -12
7 44 -9
7 27 62
30 9 92
9 2 -76
78 22 51
57 64 -2
50 66 -69
72 52 85
66 11 -35
5 15 70
44 67 51
19 3 -13
36 17 66
48 60 63
29 61 -52
8 58 55
66 23 18
38 50 95
65 20 41
74 48 -18
61 77 61
6 44 21
53 57 77
64 70 36
42 41 -37
28 16 -19
30 43 91
8 26 -31
58 75 -59
28 24 2
9 78 83
67 55 19
64 5 51
41 28 11
24 46 -91
8 43 76
7 24 -91
70 71 -15
2 21 78
25 13 54
58 57 99
69 75 43
7 48 -92
47 36 98
69 20 -75
9 80 37
48 22 -37
66 24 56
46 75 56
80 8 48
43 56 -33
10 20 64
51 80 -65
34 41 42
33 57 15
67 8 68
29 14 7
54 72 24
10 18 -66
64 60 9
12 36 87
15 66 -63
38 27 46
18 74 72
45 7 -39
44 32 73
5 46 -84
6 73 -34
11 64 -97
41 14 -32
41 42 -83
56 67 80
28 25 -33
38 11 4
53 41 69
27 15 37
32 7 72
17 11 -20
15 77 -68
16 79 -71
70 32 -4
71 9 78
16 64 47
75 48 -11
56 50 100
36 25 15
52 44 49
19 34 -25
14 57 -50
22 69 2
17 67 57
26 1 -78
44 40 -74
35 19 -20
16 13 91
31 30 14
26 71 -1
9 74 52
19 48 6
12 77 35
53 18 -18
30 62 53
34 60 -17
40 63 20
50 2 17
68 3 84
54 80 -88
50 65 -14
79 56 10
78 12 -62
7 42 24
9 33 -75
18 79 -75
1 20 60
1 57 4
41 34 67
58 21 93
20 27 58
4 19 31
23 69 -75
67 12 -86
20 18 69
6 31 -50
80 65 34
14 23 -8
3 52 -54
29 28 38
51 18 -53
3 19 50
18 2 -52
9 71 81
80 53 -7
68 64 -3
55 66 -44
77 38 -66
64 42 15
48 23 -5
63 71 57
2 77 85
80 37 -77
51 52 78
72 34 -28
4 65 -100
72 37 -63
59 66 56
25 15 44
74 30 -87
66 41 -85
31 13 12
32 18 6
70 30 1
73 26 -41
44 34 87
